1989	1.0082687322426721E7
1990	9690176.718077475
1991	9275261.040410958
1992	1.0040931536743283E7
1993	1.0547147970334928E7
1994	1.2000075298392283E7
1995	1.2943799599544568E7
1996	1.3390391811760841E7
1997	1.4844631729002625E7
1998	1.4152980069390401E7
1999	1.2968957219961856E7
2000	1.4623076036380893E7
2001	1.5520491421531701E7
2002	1.620647904178448E7
2003	1.941077943144537E7
2004	2.587291876153608E7
2005	3.1002793407316323E7
2006	3.6339935446742825E7
2007	4.397612752653061E7
2008	5.648969447140549E7
2009	4.482926247454844E7
2010	5.9941288615638405E7
2011	7.599586359031413E7
2012	7.259568454118426E7
2013	7.350632627970627E7
2014	6.816681633678584E7
2015	5.794191977662425E7
2016	5.555203435984095E7
